LIMA_CENTRO 0.000095 4.632125 8.724161 12.004095 2.319882 9.916948 11.672709 4.441998 6.333039 9.577846
LINCE 4.632125 0.000000 4.096291 7.372241 6.671642 14.500467 10.637983 1.526179 4.315790 6.023444
MIRAFLORES 8.724161 4.096291 0.000000 3.286900 10.744253 18.543760 11.573977 4.841092 5.759611 5.050044
BARRANCO 12.004095 7.372241 3.286900 0.000000 13.983721 21.829173 12.926140 7.964195 8.488808 6.123720
RIMAC 2.319882 6.671642 10.744253 13.983721 0.000000 8.428959 11.484433 6.103717 8.635237 10.778574
LOS_OLIVOS 9.916948 14.500467 18.543760 21.829173 8.428959 0.000000 19.113779 14.319777 14.629320 19.202936
LA_MOLINA 11.672709 10.637983 11.573977 12.926140 11.484433 19.113779 0.000000 9.194934 14.953322 6.822482
LA_VICTORIA 4.441998 1.526179 4.841092 7.964195 6.103717 14.319777 9.194934 0.000000 5.794627 5.277849
MAGDALENA 6.333039 4.315790 5.759611 8.488808 8.635237 14.629320 14.953322 5.794627 0.000000 9.803952
SAN_BORJA 9.577846 6.023444 5.050044 6.123720 10.778574 19.202936 6.822482 5.277849 9.803952 0.000000
